python main.py -c 2,1 -n 15 -h 100,100 -l 1,1 -s 0.0 -o ../../results/rmse-vs-above-c2_1-k10-n0_0/data.csv

Coefficient 0
	Above	Total	Mean	Stdev
	0	155	2.013	0.483
	1	731	1.828	0.574
	2	1487	1.727	0.629
	3	2241	1.583	0.54
	4	2243	1.521	0.56
	5	1782	1.566	0.584
	6	904	1.646	0.688
	7	350	1.725	0.58
	8	93	1.977	0.747
	9	12	1.968	0.642
	10	2	2.136	0.411


Coefficient 1
	Above	Total	Mean	Stdev
	0	1	2.308	0.0
	1	25	2.446	1.149
	2	110	2.05	0.755
	3	371	1.772	0.638
	4	899	1.655	0.556
	5	1586	1.577	0.606
	6	2214	1.556	0.619
	7	2122	1.578	0.571
	8	1616	1.661	0.573
	9	839	1.738	0.525
	10	217	1.841	0.503