python main.py -c 2,1 -n 15 -h 100,100 -l 1,1 -s 0.0 -o ../../results/rmse-vs-above-c2_1-k10-n0_0/data.csv

Coefficient 0
	Above	Total	Mean	Stdev
	0	149	4.937	2.26
	1	676	4.44	2.386
	2	1496	4.152	2.306
	3	2111	3.731	2.083
	4	2219	3.618	2.243
	5	1734	3.585	2.303
	6	1055	3.601	2.044
	7	432	3.697	1.764
	8	109	4.34	2.711
	9	17	4.724	2.164
	10	2	3.678	0.178


Coefficient 1
	Above	Total	Mean	Stdev
	0	5	3.973	0.63
	1	49	3.951	1.582
	2	203	4.063	2.242
	3	571	3.743	1.893
	4	1185	3.647	2.058
	5	1932	3.627	2.255
	6	2231	3.733	2.327
	7	1964	3.835	2.285
	8	1221	4.022	2.16
	9	530	4.26	2.288
	10	109	4.526	2.02